Chain 1 (X = 0):
0 7 12
0 9 14
0 11 15
0 14 16
0 14 14
0 15 12
0 17 10
0 20 10
0 18 13
0 21 13
0 23 10
0 26 11
0 29 9
0 30 6
0 32 5
0 35 4
0 37 3
0 37 6
0 36 8
0 38 11
0 40 12
0 43 13
0 45 11
0 47 10
0 49 8
0 52 9
0 54 12
0 57 13
0 60 11
0 62 12
0 65 14
0 68 14
0 71 14
0 74 13
0 76 10
0 77 7
0 80 7
0 79 5
0 81 2
0 78 2

Chain 2 (X = 2):
2 10 11
2 7 9
2 7 6
2 10 5
2 13 7
2 14 9
2 17 7
2 19 6
2 21 9
2 23 12
2 25 11
2 26 9
2 28 6
2 30 5
2 31 3
2 34 3
2 37 3
2 36 6
2 35 8
2 38 10
2 40 11
2 40 8
2 40 5
2 42 3
2 45 5
2 46 8
2 48 5
2 51 7
2 53 10
2 56 10
2 58 7
2 61 7
2 63 6
2 66 6
2 65 3
2 68 4
2 71 6
2 74 5
2 76 3
2 78 2
