Chain 1 (X = 0):
0 20 12
0 23 11
0 22 14
0 24 13
0 26 10
0 26 12
0 27 15
0 25 15
0 26 18
0 29 17
0 31 20
0 31 22
0 34 23
0 34 21
0 36 18
0 38 15
0 35 15
0 37 13
0 38 11
0 39 9
0 38 7
0 41 9
0 43 9
0 44 12
0 47 13
0 48 15
0 51 14
0 52 17
0 55 15
0 58 16
0 59 13
0 62 11
0 64 13
0 66 10
0 69 11
0 72 10
0 73 7
0 75 6
0 76 3
0 78 2

Chain 2 (X = 2):
2 27 30
2 25 31
2 27 33
2 29 31
2 32 29
2 30 29
2 28 27
2 30 26
2 31 23
2 33 26
2 36 24
2 38 25
2 41 24
2 42 22
2 44 25
2 46 23
2 49 23
2 49 26
2 51 23
2 53 23
2 55 24
2 57 24
2 59 21
2 61 18
2 64 16
2 64 18
2 66 16
2 67 13
2 64 13
2 63 11
2 64 8
2 66 8
2 68 5
2 68 2
2 70 2
2 72 4
2 74 6
2 74 4
2 75 2
2 78 2
