Chain 1 (X = 0):
0 0 2
0 2 2
0 4 2
0 6 2
0 8 2
0 10 2
0 12 2
0 14 2
0 16 2
0 18 2
0 20 2
0 22 2
0 24 2
0 26 2
0 28 2
0 30 2
0 32 2
0 34 2
0 36 2
0 38 2
0 40 2
0 42 2
0 44 2
0 46 2
0 48 2
0 50 2
0 52 2
0 54 2
0 56 2
0 58 2
0 60 2
0 62 2
0 64 2
0 66 2
0 68 2
0 70 2
0 72 2
0 74 2
0 76 2
0 78 2

Chain 2 (X = 2):
2 0 2
2 2 2
2 4 2
2 6 2
2 8 2
2 10 2
2 12 2
2 14 2
2 16 2
2 18 2
2 20 2
2 22 2
2 24 2
2 26 2
2 28 2
2 30 2
2 32 2
2 34 2
2 36 2
2 38 2
2 40 2
2 42 2
2 44 2
2 46 2
2 48 2
2 50 2
2 52 2
2 54 2
2 56 2
2 58 2
2 60 2
2 62 2
2 64 2
2 66 2
2 68 2
2 70 2
2 72 2
2 74 2
2 76 2
2 78 2
